 156  38 238 181 105  41  33  83  50  54  74 146  28 143  65 200
 251  26  38 221 191 208  38 170  98 178 153 132  68 243 244 144
  17  66  81 163 143 144  45  10 194  49  28 209 217   6  52 204
 136  67 133 201 254 228  14 198  55  90 255 110 103 107  61 172
  49   9 238 109  45 239  97 123 112 213 236 227  74  81 144 250
 198  96 233  23  75 194 123 180 150  53 204  11   9  34  74 128
 148  32 213  75 132 217 167  72  79  25  13  38 174  68 134 222
 117 131 109   0   7  64 147  91   8 180 225 222 233  95  11 205
  53 250 157  19 111  94  25  63 198 206 111 103 119 220  23 150
 200 219 227 161 239  50
